Fine	Coarse	G idle	G full	A idle	A full
----------------------------------------------
0.25	3.0	600	2800	2800	2800
0.5	3.0	600	2800	1900	2800
0.75	3.0	500	2600	1300	2300
1.0	3.0	500	2200	900	2000

1.0	0.1	1200	OO
1.0	0.5	600	3200			<==  30kts max???
1.0	0.8	500	2500			<== 30kts max??   
1.0	1.0	500	2200
1.0	2.0	500	2200
1.0	3.0	500	2200	900	2000
1.0	4.0	500	2200	900	2000
1.0	5.0	500	2200	900	2000
1.0	10.0	500	2200


Remove boost

0.25	4.0	2000	2800
1.00	4.0	900	2800	1200	2700
1.25	4.0	800	2500	850	2400    <--  lowering coarse doesn't help!

Default is 0.25/4.0
Goose is 1.05/2.5

